1               0.0000000000000000               0.0000000000000000               1.0000000000000000
        2               0.2687474277411438               0.1525330223100721               0.9510565162951536
        3               0.0022762416340335               0.3090086107805893               0.9510565162951535
        4              -0.2664711861071125               0.1564755884705179               0.9510565162951535
        5              -0.2687474277411455              -0.1525330223100692               0.9510565162951536
        6              -0.0022762416340324              -0.3090086107805893               0.9510565162951536
        7               0.2664711861071131              -0.1564755884705170               0.9510565162951536
        8               0.5434560699568470               0.2239352648413933               0.8090169943749473
        9               0.3586791300027861               0.4656616631342661               0.8090169943749475
       10               0.0777944068225813               0.5826143948441791               0.8090169943749475
       11              -0.2239352648413943               0.5434560699568466               0.8090169943749475
       12              -0.4656616631342668               0.3586791300027853               0.8090169943749475
       13              -0.5826143948441792               0.0777944068225803               0.8090169943749475
       14              -0.5434560699568470              -0.2239352648413933               0.8090169943749473
       15              -0.3586791300027862              -0.4656616631342661               0.8090169943749475
       16              -0.0777944068225793              -0.5826143948441794               0.8090169943749473
       17               0.2239352648413923              -0.5434560699568474               0.8090169943749475
       18               0.4656616631342667              -0.3586791300027854               0.8090169943749475
       19               0.5826143948441792              -0.0777944068225804               0.8090169943749475
       20               0.3936975092962748              -0.7067607575137314               0.5877852522924731
       21               0.6341947033858052              -0.5023002840780245               0.5877852522924733
       22               0.7781415028741501              -0.2213691457548516               0.5877852522924731
       23               0.8036233124201944               0.0932634382931943               0.5877852522924731
       24               0.7067607575137314               0.3936975092962747               0.5877852522924731
       25               0.5023002840780235               0.6341947033858061               0.5877852522924731
       26               0.2213691457548516               0.7781415028741501               0.5877852522924731
       27              -0.0932634382931942               0.8036233124201944               0.5877852522924731
       28              -0.3936975092962747               0.7067607575137314               0.5877852522924731
       29              -0.6341947033858051               0.5023002840780246               0.5877852522924733
       30              -0.7781415028741500               0.2213691457548517               0.5877852522924733
       31              -0.8036233124201944              -0.0932634382931942               0.5877852522924731
       32              -0.7067607575137320              -0.3936975092962734               0.5877852522924733
       33              -0.5023002840780257              -0.6341947033858042               0.5877852522924733
       34              -0.2213691457548517              -0.7781415028741500               0.5877852522924733
       35               0.0932634382931956              -0.8036233124201941               0.5877852522924731
       36               0.9092763809547654               0.2787919658549690               0.3090169943749475
       37               0.7694856752465330               0.5589278064096123               0.3090169943749475
       38               0.5463092568248870               0.7784951464812825               0.3090169943749475
       39               0.2639317535647434               0.9137004578349042               0.3090169943749475
       40              -0.0470468505172524               0.9498921470587496               0.3090169943749475
       41              -0.3529271983386029               0.8831482830534961               0.3090169943749475
       42              -0.6205624079902473               0.7207015991218693               0.3090169943749475
       43              -0.8209500517182776               0.4801557140878687               0.3090169943749475
       44              -0.9323750189901012               0.1875775070489051               0.3090169943749475
       45              -0.9427626856653116              -0.1253276334437167               0.3090169943749475
       46              -0.8509873868783939              -0.4246515801941121               0.3090169943749475
       47              -0.6669944002933957              -0.6779579390823056               0.3090169943749475
       48              -0.4107222209521420              -0.8577970356696353               0.3090169943749475
       49              -0.1099419159588311              -0.9446805133497649               0.3090169943749477
       50               0.2027523015532111              -0.9291931991799928               0.3090169943749475
       51               0.4934751611658581              -0.8130133839610539               0.3090169943749475
       52               0.7307223300101264              -0.6087309533874926               0.3090169943749475
       53               0.8887843960726188              -0.3384830785804575               0.3090169943749475
       54               0.9505328819098105              -0.0315553101031238               0.3090169943749475
       55              -0.3877871925215815              -0.9217489318226682              -0.0000000000000002
       56              -0.0839714519032941              -0.9964681606881641               0.0000000000000001
       57               0.2280639994907957              -0.9736461431835811               0.0000000000000001
       58               0.5177749575994057              -0.8555168573926135              -0.0000000000000002
       59               0.7568024953079277              -0.6536436208636126               0.0000000000000001
       60               0.9217489318226683              -0.3877871925215816               0.0000000000000001
       61               0.9964681606881641              -0.0839714519032941               0.0000000000000001
       62               0.9736461431835811               0.2280639994907956               0.0000000000000001
       63               0.8555168573926137               0.5177749575994056               0.0000000000000001
       64               0.6536436208636128               0.7568024953079275               0.0000000000000001
       65               0.3877871925215816               0.9217489318226683               0.0000000000000001
       66               0.0839714519032942               0.9964681606881641               0.0000000000000001
       67              -0.2280639994907947               0.9736461431835812               0.0000000000000001
       68              -0.5177749575994065               0.8555168573926133               0.0000000000000003
       69              -0.7568024953079271               0.6536436208636135               0.0000000000000003
       70              -0.9217489318226685               0.3877871925215808               0.0000000000000001
       71              -0.9964681606881639               0.0839714519032952              -0.0000000000000002
       72              -0.9736461431835808              -0.2280639994907963              -0.0000000000000002
       73              -0.8555168573926142              -0.5177749575994048               0.0000000000000001
       74              -0.6536436208636121              -0.7568024953079281               0.0000000000000001
       75               0.9505328819098105              -0.0315553101031238              -0.3090169943749475
       76               0.8887843960726188              -0.3384830785804575              -0.3090169943749475
       77               0.7307223300101264              -0.6087309533874926              -0.3090169943749475
       78               0.4934751611658581              -0.8130133839610539              -0.3090169943749475
       79               0.2027523015532111              -0.9291931991799928              -0.3090169943749475
       80              -0.1099419159588311              -0.9446805133497649              -0.3090169943749477
       81              -0.4107222209521420              -0.8577970356696353              -0.3090169943749475
       82              -0.6669944002933957              -0.6779579390823056              -0.3090169943749475
       83              -0.8509873868783939              -0.4246515801941121              -0.3090169943749475
       84              -0.9427626856653116              -0.1253276334437167              -0.3090169943749475
       85              -0.9323750189901012               0.1875775070489051              -0.3090169943749475
       86              -0.8209500517182776               0.4801557140878687              -0.3090169943749475
       87              -0.6205624079902473               0.7207015991218693              -0.3090169943749475
       88              -0.3529271983386029               0.8831482830534961              -0.3090169943749475
       89              -0.0470468505172524               0.9498921470587496              -0.3090169943749475
       90               0.2639317535647434               0.9137004578349042              -0.3090169943749475
       91               0.5463092568248870               0.7784951464812825              -0.3090169943749475
       92               0.7694856752465330               0.5589278064096123              -0.3090169943749475
       93               0.9092763809547654               0.2787919658549690              -0.3090169943749475
       94               0.0932634382931956              -0.8036233124201941              -0.5877852522924731
       95              -0.2213691457548517              -0.7781415028741500              -0.5877852522924733
       96              -0.5023002840780257              -0.6341947033858042              -0.5877852522924733
       97              -0.7067607575137320              -0.3936975092962734              -0.5877852522924733
       98              -0.8036233124201944              -0.0932634382931942              -0.5877852522924731
       99              -0.7781415028741500               0.2213691457548517              -0.5877852522924733
      100              -0.6341947033858051               0.5023002840780246              -0.5877852522924733
      101              -0.3936975092962747               0.7067607575137314              -0.5877852522924731
      102              -0.0932634382931942               0.8036233124201944              -0.5877852522924731
      103               0.2213691457548516               0.7781415028741501              -0.5877852522924731
      104               0.5023002840780235               0.6341947033858061              -0.5877852522924731
      105               0.7067607575137314               0.3936975092962747              -0.5877852522924731
      106               0.8036233124201944               0.0932634382931943              -0.5877852522924731
      107               0.7781415028741501              -0.2213691457548516              -0.5877852522924731
      108               0.6341947033858052              -0.5023002840780245              -0.5877852522924733
      109               0.3936975092962748              -0.7067607575137314              -0.5877852522924731
      110               0.5826143948441792              -0.0777944068225804              -0.8090169943749475
      111               0.4656616631342667              -0.3586791300027854              -0.8090169943749475
      112               0.2239352648413923              -0.5434560699568474              -0.8090169943749475
      113              -0.0777944068225793              -0.5826143948441794              -0.8090169943749473
      114              -0.3586791300027862              -0.4656616631342661              -0.8090169943749475
      115              -0.5434560699568470              -0.2239352648413933              -0.8090169943749473
      116              -0.5826143948441792               0.0777944068225803              -0.8090169943749475
      117              -0.4656616631342668               0.3586791300027853              -0.8090169943749475
      118              -0.2239352648413943               0.5434560699568466              -0.8090169943749475
      119               0.0777944068225813               0.5826143948441791              -0.8090169943749475
      120               0.3586791300027861               0.4656616631342661              -0.8090169943749475
      121               0.5434560699568470               0.2239352648413933              -0.8090169943749473
      122               0.2664711861071131              -0.1564755884705170              -0.9510565162951536
      123              -0.0022762416340324              -0.3090086107805893              -0.9510565162951536
      124              -0.2687474277411455              -0.1525330223100692              -0.9510565162951536
      125              -0.2664711861071125               0.1564755884705179              -0.9510565162951535
      126               0.0022762416340335               0.3090086107805893              -0.9510565162951535
      127               0.2687474277411438               0.1525330223100721              -0.9510565162951536
      128               0.0000000000000000               0.0000000000000000              -1.0000000000000000